S_INFO_WINDCODE
000585.SZ
600370.SH
600729.SH
600735.SH
600751.SH
600759.SH
000568.SZ
600722.SH
000691.SZ
000686.SZ
600823.SH
000652.SZ
000656.SZ
000681.SZ
600786.SH
000783.SZ
000768.SZ
000776.SZ
000760.SZ
600569.SH
600556.SH
000005.SZ
600687.SH
000428.SZ
000505.SZ
000430.SZ
000514.SZ
600893.SH
600800.SH
000605.SZ
000301.SZ
000750.SZ
000779.SZ
000895.SZ
000885.SZ
000401.SZ
000921.SZ
000712.SZ
000736.SZ
000728.SZ
000723.SZ
600651.SH
000578.SZ
000596.SZ
600029.SH
000410.SZ
000726.SZ
000536.SZ
600862.SH
000881.SZ
600115.SH
600608.SH
000017.SZ
000019.SZ
000030.SZ
000025.SZ
600006.SH
000809.SZ
000001.SZ
600325.SH
000976.SZ
000965.SZ
000987.SZ
000875.SZ
000925.SZ
600203.SH
002126.SZ
601007.SH
600978.SH
002034.SZ
002042.SZ
600239.SH
600291.SH
600089.SH
600090.SH
000918.SZ
000935.SZ
002100.SZ
600318.SH
600148.SH
600257.SH
002002.SZ
600376.SH
600369.SH
600386.SH
600385.SH
600378.SH
000070.SZ
000061.SZ
