S_INFO_WINDCODE
600716.SH
000530.SZ
000828.SZ
600885.SH
000150.SZ
000043.SZ
000042.SZ
600556.SH
000657.SZ
000656.SZ
000659.SZ
000628.SZ
600466.SH
600415.SH
600615.SH
600602.SH
600853.SH
600231.SH
000776.SZ
002002.SZ
000605.SZ
600803.SH
000920.SZ
000925.SZ
000929.SZ
000928.SZ
000931.SZ
600421.SH
000536.SZ
600379.SH
600385.SH
000736.SZ
000750.SZ
600718.SH
600721.SH
600551.SH
600657.SH
600664.SH
600203.SH
600373.SH
600362.SH
600637.SH
600643.SH
600648.SH
600634.SH
000035.SZ
000578.SZ
600061.SH
600331.SH
601001.SH
600751.SH
600757.SH
000918.SZ
000908.SZ
000885.SZ
600178.SH
600497.SH
000723.SZ
000729.SZ
000719.SZ
000892.SZ
002042.SZ
000691.SZ
600890.SH
600893.SH
000014.SZ
000017.SZ
000010.SZ
000418.SZ
600773.SH
000400.SZ
000409.SZ
600311.SH
600169.SH
600155.SH
600136.SH
600135.SH
600139.SH
600146.SH
600599.SH
002205.SZ
002149.SZ
002206.SZ
002194.SZ
000981.SZ
000996.SZ
000975.SZ
002032.SZ
600961.SH
000030.SZ
000673.SZ
000671.SZ
000982.SZ
000962.SZ
000961.SZ
600352.SH
600480.SH
600435.SH
600409.SH
002006.SZ
000408.SZ
