S_INFO_WINDCODE
002319.SZ
000922.SZ
600497.SH
002141.SZ
002042.SZ
600698.SH
000507.SZ
600606.SH
000628.SZ
600510.SH
600796.SH
002033.SZ
600449.SH
600489.SH
600089.SH
600675.SH
600699.SH
002090.SZ
000691.SZ
000750.SZ
600179.SH
000600.SZ
000400.SZ
002163.SZ
600397.SH
600893.SH
601318.SH
600292.SH
600650.SH
000566.SZ
600962.SH
600155.SH
600250.SH
000587.SZ
000592.SZ
000818.SZ
300043.SZ
300058.SZ
600780.SH
000895.SZ
000876.SZ
002181.SZ
600282.SH
002067.SZ
000030.SZ
000034.SZ
000666.SZ
000665.SZ
002325.SZ
600748.SH
600827.SH
000962.SZ
002074.SZ
600139.SH
600141.SH
600631.SH
600723.SH
000617.SZ
601268.SH
002139.SZ
000692.SZ
000955.SZ
002085.SZ
000001.SZ
000526.SZ
000019.SZ
000010.SZ
600816.SH
000979.SZ
