S_INFO_WINDCODE
000972.SZ
000917.SZ
002439.SZ
600664.SH
600170.SH
000818.SZ
600829.SH
000750.SZ
600882.SH
600891.SH
600820.SH
002246.SZ
600520.SH
000695.SZ
300172.SZ
000576.SZ
000605.SZ
600816.SH
000520.SZ
600757.SH
600991.SH
000557.SZ
000010.SZ
000959.SZ
000059.SZ
000088.SZ
000628.SZ
600315.SH
002131.SZ
000030.SZ
000949.SZ
000587.SZ
000652.SZ
002120.SZ
000816.SZ
600532.SH
