S_INFO_WINDCODE
600096.SH
000061.SZ
000068.SZ
000035.SZ
000058.SZ
600337.SH
600868.SH
000793.SZ
600146.SH
600145.SH
600141.SH
600057.SH
000815.SZ
000557.SZ
601600.SH
002392.SZ
600100.SH
600275.SH
600860.SH
601179.SH
600056.SH
002024.SZ
000998.SZ
600038.SH
600037.SH
601311.SH
600769.SH
600780.SH
002358.SZ
000975.SZ
000716.SZ
000726.SZ
002155.SZ
002285.SZ
600477.SH
600444.SH
600572.SH
002364.SZ
000996.SZ
002145.SZ
002192.SZ
002178.SZ
601005.SH
002126.SZ
300222.SZ
002341.SZ
600731.SH
600730.SH
600750.SH
600613.SH
600617.SH
600638.SH
002096.SZ
600235.SH
600231.SH
600020.SH
600352.SH
600462.SH
600392.SH
000661.SZ
600578.SH
600255.SH
600253.SH
002103.SZ
600401.SH
600478.SH
002302.SZ
002274.SZ
000611.SZ
601928.SH
002072.SZ
300077.SZ
600678.SH
600419.SH
600603.SH
600608.SH
600687.SH
600698.SH
002331.SZ
000553.SZ
000582.SZ
000591.SZ
000602.SZ
002238.SZ
002213.SZ
000861.SZ
000545.SZ
600979.SH
